91,45,91,156
87,44,87,155
82,41,82,153
76,38,76,151
76,38,76,151
82,41,82,153
82,41,82,153
78,39,78,152
77,38,77,151
73,37,73,150
71,36,71,150
65,32,65,148
57,29,57,145
60,30,60,146
63,31,63,147
68,34,68,148
72,36,72,150
67,33,67,148
71,35,71,150
61,30,61,146
65,32,65,148
68,34,68,149
69,34,69,149
64,32,64,147
69,34,69,149
61,31,61,146
65,32,65,148
68,34,68,149
67,34,67,148
56,28,56,145
49,24,49,142
53,26,53,144
52,26,52,144
59,29,59,146
55,27,55,144
51,26,51,143
49,24,49,143
42,21,42,140
42,21,42,140
31,15,31,137
30,15,30,136
35,17,35,138
41,21,41,140
55,27,55,144
64,32,64,147
76,38,76,151
75,37,75,151
90,45,90,156
101,50,101,159
118,59,118,164
105,52,105,160
76,38,76,151
66,33,66,148
70,35,70,149
68,34,68,149
63,32,63,147
72,36,72,150
73,37,73,150
64,32,64,147
73,37,73,150
69,34,69,149
66,33,66,148
69,34,69,149
67,34,67,148
61,30,61,146
69,34,69,149
77,38,77,151
70,35,70,149
78,39,78,152
67,34,67,148
64,32,64,147
64,32,64,147
74,37,74,151
70,35,70,149
77,38,77,151
66,33,66,148
69,34,69,149
63,32,63,147
58,29,58,145
65,32,65,148
60,30,60,146
53,26,53,144
47,23,47,142
50,25,50,143
46,23,46,142
41,21,41,140
34,17,34,138
30,15,30,137
24,12,24,135
27,14,27,136
19,9,19,133
11,5,11,130
19,9,19,133
14,7,14,131
10,5,10,130
10,5,10,130
16,8,16,132
13,6,13,131
8,4,8,129
12,6,12,131
9,5,9,130
2,1,2,128
3,4,0,126
1,1,1,127
7,9,1,124
2,2,0,126
3,4,0,126
3,1,3,128
7,4,7,129
5,3,5,129
9,4,9,130
15,7,15,132
10,5,10,130
11,6,11,131
16,8,16,132
17,9,17,132
20,10,20,133
23,11,23,134
21,11,21,134
29,14,29,136
37,18,37,139
46,23,46,142
51,26,51,143
50,25,50,143
58,29,58,145
62,31,62,147
71,36,71,150
80,40,80,152
91,45,91,156
90,45,90,156
103,51,103,160
97,48,97,158
92,46,92,156
102,51,102,159
99,49,99,158
102,51,102,159
100,50,100,159
99,49,99,158
99,49,99,158
92,46,92,156
97,48,97,158
100,50,100,159
102,51,102,159
93,46,93,156
94,47,94,157
92,46,92,156
89,44,89,155
79,39,79,152
90,45,90,156
86,43,86,154
80,40,80,152
71,36,71,150
74,37,74,151
76,38,76,151
95,47,95,157
107,53,107,161
84,42,84,154
67,34,67,148
59,29,59,146
54,27,54,144
59,30,59,146
57,29,57,145
56,28,56,145
56,28,56,145
56,28,56,145
57,29,57,145
43,21,43,141
38,19,38,139
23,12,23,134
1,1,1,127
7,10,1,124
12,16,1,122
19,25,2,119
27,35,3,116
36,48,4,112
51,68,6,105
61,81,7,101
72,95,8,96
85,112,9,91
96,127,11,86
103,137,12,83
122,162,14,74
124,164,14,74
139,185,16,67
143,189,16,66
149,197,17,63
144,190,16,65
147,195,16,64
147,195,16,64
150,199,17,62
141,186,16,67
130,173,15,71
129,171,14,71
137,181,15,68
132,175,15,70
132,174,15,70
131,174,15,71
126,167,14,73
122,162,14,74
120,158,13,76
124,164,14,74
129,170,14,72
129,171,14,72
124,164,14,74
105,139,12,82
106,141,12,81
116,153,13,77
134,178,15,69
135,178,15,69
126,167,14,73
121,160,13,75
110,146,12,80
97,128,11,85
86,114,10,90
83,110,9,91
77,102,9,94
60,80,7,101
40,53,4,110
15,20,2,121
0,0,0,127
24,12,24,135
44,22,44,141
70,35,70,149
90,45,90,156
129,64,129,168
175,87,175,183
224,111,224,198
255,127,255,214
255,127,255,224
255,127,255,223
255,127,255,219
255,127,255,217
255,127,255,214
255,127,255,209
237,118,237,202
206,103,206,192
199,99,199,190
217,108,217,196
220,110,220,197
216,108,216,195
228,113,228,199
224,112,224,198
222,110,222,197
229,114,229,199
233,116,233,201
224,112,224,198
219,109,219,196
203,101,203,191
210,105,210,194
197,98,197,189
208,103,208,193
215,107,215,195
208,104,208,193
204,102,204,192
191,95,191,187
177,88,177,183
169,84,169,181
162,81,162,178
156,78,156,177
158,79,158,177
159,79,159,178
175,87,175,183
173,86,173,182
169,84,169,181
172,86,172,182
169,84,169,180
169,84,169,180
168,83,168,180
144,72,144,173
143,71,143,172
138,69,138,171
134,67,134,170
128,64,128,168
123,61,123,166
109,54,109,162
103,51,103,160
92,46,92,156
90,45,90,155
76,38,76,151
69,34,69,149
72,36,72,150
73,36,73,150
60,30,60,146
36,18,36,139
25,12,25,135
6,3,6,129
0,0,0,127
5,7,1,125
15,20,2,121
36,48,4,112
45,60,5,108
55,72,6,103
57,76,6,102
65,86,7,99
81,108,9,92
91,121,10,88
104,138,12,82
105,140,12,82
113,150,13,78
108,143,12,81
110,145,12,80
114,152,13,78
114,151,13,78
116,153,13,77
117,154,13,77
107,142,12,81
105,139,12,82
81,107,9,92
77,102,9,94
83,109,9,92
86,114,10,90
88,116,10,89
97,128,11,85
80,106,9,93
68,90,8,98
53,70,6,104
59,78,7,102
70,93,8,97
71,95,8,96
70,92,8,97
70,92,8,97
61,81,7,101
65,86,7,99
68,90,8,98
74,98,8,95
88,117,10,89
93,124,10,87
110,146,12,80
124,164,14,74
145,192,16,65
159,211,18,58
174,231,19,52
160,213,18,58
149,197,17,63
128,170,14,72
103,136,11,83
81,107,9,92
64,84,7,100
36,48,4,112
1,0,1,127
41,21,41,140
78,39,78,152
101,50,101,159
106,53,106,161
127,63,127,167
151,75,151,175
179,89,179,184
206,103,206,192
233,116,233,201
221,110,221,197
197,98,197,189
185,92,185,186
186,93,186,186
194,96,194,188
185,92,185,186
177,88,177,183
158,79,158,177
158,78,158,177
153,76,153,175
143,71,143,172
138,69,138,171
137,68,137,170
139,69,139,171
137,68,137,170
156,78,156,176
163,81,163,179
162,81,162,178
161,80,161,178
153,76,153,175
141,70,141,172
138,69,138,171
142,71,142,172
147,73,147,174
158,78,158,177
142,71,142,172
135,67,135,170
132,66,132,169
135,67,135,170
149,74,149,174
138,69,138,171
130,65,130,168
142,71,142,172
139,69,139,171
146,73,146,173
145,72,145,173
143,71,143,172
145,72,145,173
135,67,135,170
126,63,126,167
117,58,117,164
107,53,107,161
105,52,105,160
102,51,102,159
100,50,100,159
101,50,101,159
102,51,102,159
99,49,99,158
96,48,96,157
95,47,95,157
87,43,87,155
83,42,83,153
87,43,87,154
74,37,74,150
71,35,71,150
65,32,65,148
61,30,61,146
51,25,51,143
36,18,36,138
7,4,7,129
13,17,1,121
44,58,5,108
87,116,10,89
112,148,12,79
119,157,13,76
122,161,14,75
124,164,14,74
117,154,13,77
110,146,12,80
111,147,12,79
108,144,12,80
100,132,11,84
81,107,9,92
80,106,9,93
86,114,10,90
86,114,10,90
88,116,10,89
80,106,9,93
73,96,8,96
74,98,8,95
71,94,8,96
76,100,8,95
78,104,9,93
80,105,9,93
70,92,8,97
67,89,8,98
62,82,7,100
61,81,7,101
69,92,8,97
66,87,7,99
60,80,7,101
65,86,7,99
65,87,7,99
76,100,8,95
65,86,7,99
68,90,8,98
68,91,8,98
65,86,7,99
56,74,6,103
61,81,7,101
62,82,7,100
54,72,6,104
61,80,7,101
61,80,7,101
61,81,7,101
58,77,6,102
67,89,7,98
78,104,9,93
73,97,8,96
77,102,9,94
76,101,9,94
77,102,9,94
76,100,8,95
54,71,6,104
21,28,2,118
15,7,15,132
37,19,37,139
50,25,50,143
48,24,48,142
61,30,61,146
72,36,72,150
85,42,85,154
100,50,100,159
121,60,121,165
139,69,139,171
165,82,165,179
191,95,191,188
218,108,218,196
242,120,242,204
248,124,248,206
246,122,246,205
230,115,230,200
206,103,206,192
198,98,198,190
184,92,184,185
168,84,168,180
160,80,160,178
141,70,141,172
127,63,127,167
121,60,121,165
116,58,116,164
117,58,117,164
122,61,122,166
137,68,137,170
132,66,132,169
130,65,130,168
142,71,142,172
143,71,143,172
139,69,139,171
146,73,146,173
132,66,132,169
128,64,128,168
131,65,131,168
131,65,131,169
129,64,129,168
123,61,123,166
126,63,126,167
121,60,121,165
128,64,128,167
133,66,133,169
131,65,131,169
137,68,137,170
131,65,131,168
124,62,124,166
130,65,130,168
132,66,132,169
132,66,132,169
128,64,128,168
123,61,123,166
114,57,114,163
115,57,115,164
118,59,118,164
110,55,110,162
111,55,111,162
104,52,104,160
97,48,97,158
90,45,90,156
88,44,88,155
93,46,93,156
92,46,92,156
90,45,90,156
87,43,87,155
85,42,85,154
95,47,95,157
95,47,95,157
81,40,81,153
81,40,81,153
80,40,80,152
78,39,78,152
75,37,75,151
81,40,81,153
81,40,81,153
82,41,82,153
71,35,71,150
62,31,62,147
57,28,57,145
55,27,55,144
54,27,54,144
57,28,57,145
37,19,37,139
9,4,9,130
18,24,2,119
46,61,5,107
61,80,7,101
65,86,7,99
71,95,8,96
81,108,9,92
93,123,10,87
99,132,11,84
95,125,11,86
85,112,9,90
78,103,9,94
88,116,10,89
95,125,11,86
88,117,10,89
90,119,10,88
77,101,9,94
71,94,8,96
70,92,8,97
68,90,8,98
73,96,8,96
70,92,8,97
83,110,9,91
90,120,10,88
94,125,11,87
86,114,10,90
86,114,10,90
89,118,10,89
97,129,11,85
116,154,13,77
137,182,15,68
134,177,15,69
120,159,13,75
115,153,13,77
113,149,13,79
124,164,14,74
127,168,14,72
112,149,13,79
94,125,11,86
81,107,9,92
78,103,9,94
80,106,9,93
83,109,9,92
82,108,9,92
75,100,8,95
70,92,8,97
69,92,8,97
65,87,7,99
62,83,7,100
57,76,6,102
47,62,5,107
27,36,3,115
14,18,2,121
0,0,0,127
23,12,23,134
31,15,31,137
37,18,37,139
61,30,61,146
70,35,70,149
90,45,90,156
110,55,110,162
128,64,128,168
161,80,161,178
196,98,196,189
229,114,229,199
255,127,255,209
254,126,254,207
236,118,236,202
238,119,238,202
233,116,233,201
209,104,209,193
202,100,202,191
199,99,199,190
182,90,182,185
180,90,180,184
169,84,169,181
155,77,155,176
150,75,150,174
161,80,161,178
155,77,155,176
150,75,150,174
151,75,151,175
150,75,150,175
142,71,142,172
142,71,142,172
149,74,149,174
139,69,139,171
120,60,120,165
127,63,127,167
129,64,129,168
126,63,126,167
125,62,125,167
126,63,126,167
124,62,124,166
113,56,113,163
103,51,103,160
122,61,122,166
131,65,131,168
129,64,129,168
124,62,124,166
125,62,125,167
130,65,130,168
126,63,126,167
128,64,128,168
119,59,119,165
130,65,130,168
132,66,132,169
126,63,126,167
113,56,113,163
111,55,111,162
104,52,104,160
118,59,118,164
118,59,118,164
116,58,116,164
103,51,103,160
107,54,107,161
110,55,110,162
94,47,94,157
94,47,94,157
99,49,99,158
99,49,99,158
97,49,97,158
91,45,91,156
90,45,90,156
86,43,86,154
99,49,99,158
86,43,86,154
67,33,67,148
56,28,56,145
44,22,44,141
37,18,37,139
24,12,24,135
20,10,20,133
3,1,3,128
16,21,2,120
33,44,4,113
44,58,5,108
48,64,5,106
55,73,6,103
54,72,6,104
63,84,7,100
65,87,7,99
63,84,7,100
57,76,6,102
55,73,6,103
53,70,6,104
47,63,5,107
55,72,6,103
67,89,8,98
82,109,9,92
86,113,10,90
92,122,10,87
94,125,11,87
93,124,10,87
90,120,10,88
91,121,10,88
100,133,11,84
99,131,11,84
99,131,11,85
112,148,13,79
131,173,15,71
131,173,15,71
131,173,15,71
132,175,15,70
141,187,16,66
134,177,15,70
125,166,14,73
112,149,13,79
96,127,11,86
91,120,10,88
83,109,9,92
76,100,8,95
66,88,7,99
64,84,7,100
54,71,6,104
47,62,5,107
54,72,6,104
62,82,7,100
58,77,6,102
53,70,6,104
48,63,5,107
41,54,5,109
37,48,4,111
31,41,3,114
36,48,4,111
21,28,2,118
11,15,1,122
4,5,0,125
5,3,5,129
11,5,11,130
15,7,15,132
22,11,22,134
34,17,34,138
60,30,60,146
76,38,76,151
78,39,78,152
71,35,71,150
69,34,69,149
77,38,77,151
90,45,90,155
107,54,107,161
122,61,122,166
137,68,137,170
159,79,159,177
191,95,191,187
220,110,220,197
245,122,245,205
255,127,255,210
255,127,255,212
255,127,255,209
254,127,254,208
241,120,241,203
235,117,235,201
236,118,236,202
235,117,235,201
216,108,216,195
205,102,205,192
205,102,205,192
198,99,198,190
207,103,207,193
209,104,209,193
209,104,209,193
202,101,202,191
191,95,191,187
176,88,176,183
159,79,159,178
158,79,158,177
157,78,157,177
136,68,136,170
139,69,139,171
135,67,135,170
142,71,142,172
145,72,145,173
138,69,138,171
132,66,132,169
137,68,137,170
147,73,147,173
134,67,134,169
107,53,107,161
82,41,82,153
81,40,81,153
67,33,67,148
70,35,70,149
63,31,63,147
58,29,58,145
57,29,57,145
57,29,57,145
56,28,56,145
64,32,64,147
71,36,71,150
85,42,85,154
93,46,93,157
96,48,96,157
97,49,97,158
91,45,91,156
74,37,74,150
76,38,76,151
74,37,74,150
75,37,75,151
72,36,72,150
69,34,69,149
62,31,62,147
56,28,56,145
65,32,65,148
64,32,64,147
51,25,51,143
56,28,56,145
51,25,51,143
49,24,49,142
62,31,62,147
63,31,63,147
63,32,63,147
56,28,56,145
48,24,48,142
56,28,56,145
48,24,48,142
50,25,50,143
38,19,38,139
46,23,46,142
44,22,44,141
49,24,49,142
55,27,55,144
82,41,82,153
109,54,109,162
105,52,105,160
80,40,80,152
61,31,61,146
65,32,65,148
53,26,53,144
60,30,60,146
61,31,61,146
65,32,65,148
71,36,71,150
71,35,71,150
63,31,63,147
64,32,64,147
68,34,68,148
68,34,68,149
66,33,66,148
67,33,67,148
67,33,67,148
62,31,62,147
71,35,71,149
65,32,65,148
67,34,67,148
60,30,60,146
67,33,67,148
76,38,76,151
81,40,81,153
87,43,87,154
88,44,88,155
83,41,83,153
85,42,85,154
83,41,83,153
90,45,90,156
110,55,110,162
103,51,103,160
82,41,82,153
78,39,78,152
80,40,80,152
68,34,68,148
65,32,65,148
67,33,67,148
59,29,59,146
66,33,66,148
56,28,56,145
60,30,60,146
55,27,55,144
57,29,57,145
62,31,62,147
65,32,65,148
63,31,63,147
67,33,67,148
66,33,66,148
71,36,71,150
68,34,68,149
69,34,69,149
69,34,69,149
71,35,71,149
78,39,78,152
76,38,76,151
72,36,72,150
80,40,80,152
70,35,70,149
71,35,71,149
63,32,63,147
67,33,67,148
59,29,59,146
59,29,59,146
59,30,59,146
55,27,55,144
64,32,64,147
75,37,75,151
85,42,85,154
82,41,82,153
79,39,79,152
77,39,77,152
67,33,67,148
69,34,69,149
77,38,77,151
88,44,88,155
91,45,91,156
88,44,88,155
95,47,95,157
106,53,106,160
110,55,110,162
101,50,101,159
82,41,82,153
78,39,78,152
69,34,69,149
71,35,71,150
68,34,68,148
65,32,65,148
69,34,69,149
67,34,67,148
83,41,83,153
69,34,69,149
61,30,61,146
50,25,50,143
25,12,25,135
7,3,7,129
9,12,1,123
24,32,3,117
27,36,3,115
36,48,4,112
41,54,5,109
36,47,4,112
39,52,4,110
30,39,3,114
30,39,3,114
33,44,4,113
44,59,5,108
49,64,5,106
43,57,5,108
40,53,5,110
41,55,5,109
44,59,5,108
43,57,5,108
46,60,5,107
46,61,5,107
47,62,5,107
38,50,4,111
40,53,4,110
34,45,4,112
27,36,3,115
24,32,3,117
19,25,2,119
14,19,2,121
12,16,1,122
3,4,0,126
6,8,1,125
9,12,1,123
6,8,1,124
12,16,1,122
3,1,3,128
3,4,0,126
1,2,0,126
0,0,0,127
2,2,0,126
8,4,8,130
13,7,13,131
30,15,30,136
29,15,29,136
42,21,42,140
50,25,50,143
51,25,51,143
68,34,68,149
63,32,63,147
60,30,60,146
54,27,54,144
55,27,55,144
59,30,59,146
53,26,53,144
63,32,63,147
73,36,73,150
75,37,75,151
80,40,80,152
84,42,84,154
68,34,68,149
71,35,71,150
69,34,69,149
74,37,74,151
68,34,68,149
65,32,65,148
64,32,64,147
71,36,71,150
70,35,70,149
79,39,79,152
74,37,74,150
74,37,74,151
66,33,66,148
69,34,69,149
74,37,74,150
71,36,71,150
77,38,77,151
78,39,78,152
66,33,66,148
51,25,51,143
52,26,52,143
45,22,45,141
52,26,52,143
57,28,57,145
72,36,72,150
83,41,83,153
82,41,82,153
76,38,76,151
65,32,65,148
58,29,58,145
68,34,68,148
61,30,61,146
67,33,67,148
69,34,69,149
63,32,63,147
71,35,71,150
66,33,66,148
67,34,67,148
69,34,69,149
75,37,75,151
69,34,69,149
63,31,63,147
78,39,78,152
77,38,77,151
82,41,82,153
78,39,78,152
87,43,87,155
87,43,87,155
77,38,77,151
74,37,74,151
77,38,77,151
81,40,81,153
74,37,74,151
67,34,67,148
66,33,66,148
65,32,65,148
64,32,64,147
60,30,60,146
61,30,61,146
44,22,44,141
48,24,48,142
41,21,41,140
34,17,34,138
36,18,36,139
28,14,28,136
26,13,26,135
14,7,14,131
19,9,19,133
23,12,23,134
19,9,19,133
22,11,22,134
18,9,18,133
24,12,24,135
21,11,21,134
11,5,11,130
11,6,11,131
10,5,10,130
9,5,9,130
4,2,4,128
5,2,5,128
7,3,7,129
0,0,0,127
1,2,0,126
2,1,2,128
10,5,10,130
12,6,12,131
4,5,0,125
7,9,1,124
2,3,0,126
1,1,1,127
2,1,2,128
14,7,14,131
8,4,8,130
2,1,2,128
0,0,0,127
3,4,0,126
4,5,0,125
11,5,11,130
3,2,3,128
0,0,0,127
3,2,3,128
4,2,4,128
7,3,7,129
3,1,3,128
28,14,28,136
39,20,39,139
48,24,48,142
49,24,49,142
68,34,68,149
69,34,69,149
80,40,80,152
85,42,85,154
90,45,90,155
91,45,91,156
96,48,96,157
101,50,101,159
104,52,104,160
105,52,105,160
108,54,108,161
102,51,102,159
104,52,104,160
96,48,96,157
102,51,102,159
97,49,97,158
90,45,90,155
90,45,90,156
84,42,84,154
86,43,86,154
86,43,86,154
85,42,85,154
80,40,80,152
78,39,78,152
81,40,81,153
89,44,89,155
91,45,91,156
80,40,80,152
80,40,80,152
83,42,83,153
86,43,86,154
77,39,77,152
73,37,73,150
69,34,69,149
78,39,78,152
68,34,68,148
70,35,70,149
82,41,82,153
65,32,65,148
63,32,63,147
73,36,73,150
68,34,68,148
66,33,66,148
59,29,59,146
65,32,65,148
67,34,67,148
64,32,64,147
60,30,60,146
60,30,60,146
63,32,63,147
66,33,66,148
59,29,59,146
41,20,41,140
38,19,38,139
35,17,35,138
46,23,46,142
49,24,49,143
37,19,37,139
26,13,26,135
29,14,29,136
26,13,26,135
21,10,21,134
13,6,13,131
19,9,19,133
21,10,21,134
26,13,26,135
27,13,27,136
35,17,35,138
40,20,40,140
29,14,29,136
20,10,20,133
16,8,16,132
5,3,5,129
8,4,8,130
11,5,11,130
12,6,12,131
10,5,10,130
6,3,6,129
5,2,5,128
12,6,12,131
14,7,14,131
10,5,10,130
0,0,0,127
3,1,3,128
2,1,2,128
2,3,0,126
4,5,0,125
8,10,1,124
4,5,0,125
3,2,3,128
1,1,0,127
3,4,0,126
6,8,1,125
0,0,0,127
4,5,0,125
3,4,0,126
1,1,0,127
12,6,12,131
15,7,15,132
18,9,18,133
26,13,26,135
37,18,37,139
41,20,41,140
51,25,51,143
57,28,57,145
63,32,63,147
81,40,81,153
93,46,93,156
105,52,105,160
122,61,122,166
120,60,120,165
125,62,125,167
128,64,128,168
126,63,126,167
128,64,128,168
128,64,128,168
129,64,129,168
125,62,125,167
122,61,122,166
119,59,119,165
118,59,118,164
107,53,107,161
107,53,107,161
103,51,103,160
100,50,100,159
92,46,92,156
97,48,97,158
108,54,108,161
96,48,96,157
95,47,95,157
94,47,94,157
95,47,95,157
92,46,92,156
94,47,94,157
89,44,89,155
98,49,98,158
106,53,106,160
97,48,97,158
95,47,95,157
101,50,101,159
102,51,102,159
112,56,112,163
109,54,109,161
105,52,105,160
106,53,106,160
101,50,101,159
98,49,98,158
96,48,96,157
98,49,98,158
91,45,91,156
92,46,92,156
88,44,88,155
93,46,93,157
94,47,94,157
91,45,91,156
91,45,91,156
88,44,88,155
86,43,86,154
89,44,89,155
93,46,93,156
78,39,78,152
77,38,77,151
80,40,80,152
76,38,76,151
79,39,79,152
67,33,67,148
73,37,73,150
73,36,73,150
69,34,69,149
70,35,70,149
62,31,62,147
61,30,61,146
57,29,57,145
60,30,60,146
61,31,61,146
67,34,67,148
70,35,70,149
61,31,61,146
57,29,57,145
64,32,64,147
56,28,56,145
57,29,57,145
44,22,44,141
38,19,38,139
35,17,35,138
40,20,40,140
34,17,34,138
30,15,30,137
35,17,35,138
27,13,27,136
25,12,25,135
25,12,25,135
33,16,33,137
32,16,32,137
22,11,22,134
22,11,22,134
22,11,22,134
23,11,23,134
18,9,18,133
14,7,14,131
19,9,19,133
8,4,8,129
5,3,5,129
11,6,11,131
9,5,9,130
5,3,5,129
5,3,5,129
4,2,4,128
0,0,0,127
1,1,0,127
5,3,5,129
1,0,1,127
3,2,3,128
7,4,7,129
9,5,9,130
7,3,7,129
19,9,19,133
24,12,24,135
51,25,51,143
62,31,62,147
65,32,65,148
61,30,61,146
64,32,64,147
68,34,68,149
72,36,72,150
74,37,74,151
72,36,72,150
70,35,70,149
67,33,67,148
62,31,62,147
72,36,72,150
75,37,75,151
83,42,83,153
108,54,108,161
107,54,107,161
114,57,114,163
122,61,122,166
118,59,118,165
111,55,111,162
116,58,116,164
110,55,110,162
106,53,106,161
103,51,103,160
90,45,90,156
87,43,87,154
76,38,76,151
86,43,86,154
83,41,83,153
70,35,70,149
66,33,66,148
67,33,67,148
73,37,73,150
77,39,77,152
63,31,63,147
43,21,43,141
33,16,33,137
26,13,26,135
1,2,0,126
13,17,1,122
20,27,2,118
35,46,4,112
50,66,6,106
79,105,9,93
100,132,11,84
109,144,12,80
117,156,13,77
122,162,14,74
124,164,14,74
118,156,13,76
117,156,13,77
119,158,13,76
117,154,13,77
116,153,13,77
124,164,14,74
126,167,14,73
120,159,13,75
118,157,13,76
109,144,12,80
101,134,11,83
96,127,11,86
88,117,10,89
91,121,10,88
95,126,11,86
102,135,11,83
98,129,11,85
99,131,11,84
97,128,11,85
96,127,11,86
90,119,10,88
79,105,9,93
74,98,8,95
66,88,7,99
55,73,6,103
42,55,5,109
38,50,4,111
33,43,4,113
39,52,4,110
44,58,5,108
30,39,3,114
14,19,2,121
4,5,0,125
20,10,20,133
23,11,23,134
31,16,31,137
43,21,43,141
62,31,62,147
84,42,84,154
95,47,95,157
118,59,118,165
149,74,149,174
198,99,198,190
242,121,242,204
255,127,255,214
255,127,255,220
255,127,255,224
255,127,255,224
255,127,255,219
255,127,255,215
255,127,255,210
251,125,251,207
241,120,241,204
224,112,224,198
200,100,200,191
184,92,184,185
169,84,169,181
165,82,165,179
168,83,168,180
164,82,164,179
179,89,179,184
161,80,161,178
149,74,149,174
154,77,154,176
157,78,157,177
150,75,150,175
154,77,154,176
167,83,167,180
155,77,155,176
145,72,145,173
138,69,138,171
126,63,126,167
113,56,113,163
122,61,122,166
120,60,120,165
108,54,108,161
104,52,104,160
101,50,101,159
99,49,99,158
95,47,95,157
112,56,112,163
115,57,115,164
109,54,109,162
108,54,108,161
106,53,106,160
104,52,104,160
107,53,107,161
114,57,114,163
107,54,107,161
106,53,106,160
92,46,92,156
98,49,98,158
105,52,105,160
102,51,102,159
105,52,105,160
96,48,96,157
85,42,85,154
84,42,84,154
86,43,86,154
86,43,86,154
87,43,87,154
74,37,74,151
62,31,62,147
69,34,69,149
60,30,60,146
56,28,56,145
52,26,52,144
47,24,47,142
37,19,37,139
17,9,17,132
20,10,20,133
4,5,0,125
21,28,2,118
34,45,4,112
43,57,5,108
53,70,6,104
46,61,5,107
52,68,6,105
56,75,6,103
66,88,7,99
70,92,8,97
69,92,8,97
76,101,9,94
75,99,8,95
68,91,8,98
71,94,8,96
58,76,6,102
70,93,8,97
70,92,8,97
79,105,9,93
75,99,8,95
58,76,6,102
53,70,6,104
56,75,6,103
66,88,7,99
66,88,7,98
65,86,7,99
64,85,7,99
67,89,8,98
65,86,7,99
62,82,7,100
61,81,7,101
57,76,6,102
62,82,7,100
58,77,7,102
52,69,6,105
51,68,6,105
57,75,6,103
55,72,6,103
49,65,6,106
45,60,5,108
48,64,5,106
47,62,5,107
50,66,6,106
52,68,6,105
56,74,6,103
65,87,7,99
67,89,8,98
67,89,8,98
55,73,6,103
44,59,5,108
30,40,3,114
25,33,3,116
5,7,1,125
33,16,33,137
46,23,46,142
65,32,65,148
69,34,69,149
69,34,69,149
83,41,83,153
105,52,105,160
110,55,110,162
120,60,120,165
147,73,147,174
162,81,162,178
173,86,173,182
187,93,187,186
183,91,183,185
179,89,179,184
184,92,184,185
167,83,167,180
170,85,170,181
164,82,164,179
158,78,158,177
155,77,155,176
137,68,137,170
129,64,129,168
130,65,130,168
134,67,134,169
134,67,134,170
137,68,137,170
129,64,129,168
125,62,125,167
141,70,141,172
126,63,126,167
127,63,127,167
135,67,135,170
140,70,140,171
126,63,126,167
119,59,119,165
114,57,114,163
108,54,108,161
112,56,112,162
121,60,121,165
141,70,141,172
143,71,143,172
142,71,142,172
148,73,148,174
138,69,138,171
142,71,142,172
138,69,138,171
143,71,143,172
157,78,157,177
154,77,154,176
148,74,148,174
140,70,140,171
128,64,128,168
103,51,103,160
77,38,77,151
204,101,204,192
255,127,255,255
255,127,255,255
255,127,255,255
255,127,255,255
255,127,255,255
255,127,255,255
255,127,255,255
255,127,255,255
255,127,255,255
255,127,255,240
255,127,255,238
255,127,255,229
192,95,192,188
159,79,159,178
216,108,216,196
215,107,215,195
138,69,138,171
26,13,26,135
120,158,13,76
188,249,21,20
188,249,21,20
188,249,21,20
188,249,21,20
188,249,21,20
188,249,21,20
175,231,20,52
44,58,5,108
24,12,24,135
60,30,60,146
68,34,68,149
71,35,71,150
66,33,66,148
68,34,68,149
69,34,69,149
76,38,76,151
69,34,69,149
67,33,67,148
71,36,71,150
71,35,71,149
70,35,70,149
70,35,70,149
89,44,89,155
74,37,74,150
77,39,77,152
83,41,83,153
82,41,82,153
71,36,71,150
217,108,217,196
255,127,255,255
255,127,255,255
255,127,255,219
165,82,165,179
109,54,109,161
92,46,92,156
70,35,70,149
71,35,71,150
77,38,77,151
78,39,78,152
83,41,83,153
84,42,84,154
79,39,79,152
85,42,85,154
85,42,85,154
102,51,102,159
104,52,104,160
105,52,105,160
85,42,85,154
80,40,80,152
78,39,78,152
73,37,73,150
20,10,20,133
12,16,1,122
33,44,4,113
58,77,6,102
70,92,8,97
83,110,9,91
97,128,11,85
103,137,12,83
115,152,13,78
107,142,12,81
119,158,13,76
120,158,13,76
123,163,14,74
123,162,14,74
126,167,14,73
124,164,14,74
126,167,14,73
127,168,14,73
121,160,13,75
116,154,13,77
104,137,12,82
97,129,11,85
99,131,11,85
105,140,12,82
103,137,12,83
105,139,12,82
103,137,12,83
102,135,11,83
107,141,12,81
99,132,11,84
104,138,12,82
103,136,11,83
105,139,12,82
103,137,12,83
94,124,10,87
85,112,9,91
84,111,9,91
83,109,9,92
77,102,9,94
83,110,9,91
85,113,10,90
88,117,10,89
95,126,11,86
97,128,11,85
94,125,11,87
93,123,10,87
91,121,10,88
85,112,9,90
80,105,9,93
80,105,9,93
69,91,8,97
54,71,6,104
36,48,4,112
22,29,2,117
4,5,0,125
33,16,33,137
49,24,49,142
73,36,73,150
76,38,76,151
91,45,91,156
101,50,101,159
122,61,122,166
165,82,165,179
195,97,195,189
216,108,216,196
214,106,214,195
226,112,226,199
219,109,219,196
213,106,213,195
216,108,216,196
211,105,211,194
209,104,209,193
211,105,211,194
202,100,202,191
202,101,202,191
205,102,205,192
205,102,205,192
201,100,201,191
191,95,191,187
189,94,189,187
183,91,183,185
173,86,173,182
166,83,166,180
162,81,162,178
152,76,152,175
148,74,148,174
150,75,150,174
143,71,143,172
143,71,143,172
133,66,133,169
142,71,142,172
129,64,129,168
134,67,134,169
128,64,128,167
129,64,129,168
142,71,142,172
129,64,129,168
122,61,122,166
109,54,109,161
116,58,116,164
115,57,115,163
110,55,110,162
102,51,102,159
110,55,110,162
96,48,96,157
89,44,89,155
98,49,98,158
96,48,96,157
104,52,104,160
92,46,92,156
87,43,87,154
86,43,86,154
93,46,93,157
154,77,154,176
250,124,250,206
255,127,255,214
197,98,197,189
233,116,233,201
255,127,255,234
255,127,255,242
255,127,255,213
158,79,158,177
135,67,135,170
190,95,190,187
191,95,191,187
148,74,148,174
103,51,103,160
98,49,98,158
164,82,164,179
159,79,159,177
112,56,112,163
87,43,87,154
81,40,81,153
74,37,74,150
69,34,69,149
57,28,57,145
7,9,1,124
56,74,6,103
101,134,11,84
133,177,15,70
160,213,18,58
172,227,19,53
156,207,17,60
141,187,16,66
126,167,14,73
115,153,13,77
111,148,12,79
105,140,12,82
96,127,11,86
94,125,11,86
87,115,10,90
79,105,9,93
73,96,8,96
72,96,8,96
79,105,9,93
79,105,9,93
71,94,8,96
70,92,8,97
61,81,7,101
52,69,6,104
46,61,5,107
32,42,4,113
23,30,3,117
8,10,1,124
6,3,6,129
18,9,18,133
30,15,30,136
39,19,39,139
48,24,48,142
49,24,49,142
56,28,56,145
70,35,70,149
72,36,72,150
74,37,74,151
83,41,83,153
85,42,85,154
89,44,89,155
86,43,86,154
86,43,86,154
82,41,82,153
86,43,86,154
69,34,69,149
66,33,66,148
66,33,66,148
70,35,70,149
66,33,66,148
66,33,66,148
69,34,69,149
67,34,67,148
63,31,63,147
68,34,68,149
72,36,72,150
74,37,74,151
69,34,69,149
64,32,64,147
62,31,62,147
67,33,67,148
70,35,70,149
67,34,67,148
71,36,71,150
63,32,63,147
64,32,64,147
54,27,54,144
58,29,58,145
66,33,66,148
67,34,67,148
70,35,70,149
71,35,71,150
76,38,76,151
82,41,82,153
81,40,81,153
78,39,78,152
71,35,71,149
77,38,77,151
78,39,78,152
62,31,62,147
70,35,70,149
58,29,58,145
61,31,61,146
64,32,64,147
64,32,64,147
68,34,68,148
72,36,72,150
72,36,72,150
64,32,64,147
49,24,49,142
54,27,54,144
60,30,60,146
60,30,60,146
72,36,72,150
74,37,74,150
69,34,69,149
69,34,69,149
62,31,62,147
66,33,66,148
76,38,76,151
63,32,63,147
78,39,78,152
71,35,71,149
62,31,62,147
66,33,66,148
66,33,66,148
66,33,66,148
81,40,81,153
82,41,82,153
75,37,75,151
60,30,60,146
70,35,70,149
70,35,70,149
70,35,70,149
72,36,72,150
62,31,62,147
67,33,67,148
63,31,63,147
66,33,66,148
69,34,69,149
73,36,73,150
71,35,71,150
71,35,71,150
71,36,71,150
67,34,67,148
58,29,58,145
57,29,57,145
67,34,67,148
60,30,60,146
67,33,67,148
61,31,61,146
65,32,65,148
68,34,68,148
57,28,57,145
52,26,52,144
62,31,62,147
66,33,66,148
61,30,61,146
77,39,77,152
71,36,71,150
58,29,58,145
68,34,68,148
65,32,65,148
69,34,69,149
81,40,81,153
61,31,61,146
63,31,63,147
64,32,64,147
63,31,63,147
73,36,73,150
74,37,74,150
75,37,75,151
71,36,71,150
79,39,79,152
89,44,89,155
99,49,99,158
81,40,81,153
65,32,65,148
64,32,64,147
73,37,73,150
83,41,83,153
79,39,79,152
77,39,77,152
82,41,82,153
82,41,82,153
78,39,78,152
72,36,72,150
56,28,56,145
52,26,52,144
62,31,62,147
66,33,66,148
74,37,74,150
61,30,61,146
70,35,70,149
66,33,66,148
67,33,67,148
68,34,68,148
64,32,64,147
71,35,71,150
68,34,68,148
74,37,74,151
78,39,78,152
81,40,81,153
81,40,81,153
58,29,58,145
134,67,134,169
255,127,255,255
255,127,255,255
255,127,255,255
255,127,255,255
255,127,255,255
255,127,255,255
255,127,255,255
255,127,255,255
255,127,255,242
255,127,255,255
255,127,255,255
227,113,227,199
163,81,163,179
255,127,255,221
255,127,255,223
172,85,172,181
116,58,116,164
123,61,123,166
208,104,208,193
191,95,191,187
123,61,123,166
92,46,92,156
87,44,87,155
70,35,70,149
8,10,1,124
